0.874379 0.125621 0 0 0 
0 0.570699 0.429301 0 0 
0 0 0.707225 0.292775 0 
0 0 0 0.880551 0.119449 
0 0 0 0 1 



6.17261e-015 0.00762525 0.0154377 1.06161e-010 5.98022e-005 1.03448e-030 1.03448e-030 1.03448e-030 1.14805e-005 6.03729e-006 0.00244347 1.03448e-030 1.32124e-008 1.13948e-007 1.52752e-005 1.03448e-030 2.41914e-007 3.86894e-020 2.12775e-006 9.34648e-015 0.000763868 1.03448e-030 2.78553e-016 1.03448e-030 1.91358e-005 3.64882e-024 0.973585 1.03448e-030 3.08642e-005 1.03448e-030 3.82448e-017 1.03448e-030 
2.41118e-007 0.369145 5.17394e-007 0.000307054 0.000423329 2.39825e-015 1.52416e-012 1.34971e-010 9.78361e-007 0.0333333 0.0189974 9.0762e-005 1.03077e-005 2.11928e-012 0.0229841 2.95316e-022 0.0333335 0.0311006 8.64814e-006 0.000286479 0.000238794 3.99109e-014 2.34733e-010 1.03448e-030 1.10055e-006 9.41451e-010 0.483045 2.11388e-025 8.86102e-006 1.25806e-008 0.00668455 3.25146e-012 
3.10382e-007 0.352175 5.41165e-008 0.00092097 1.91517e-005 9.11055e-009 7.55711e-015 0.00933406 1.52411e-006 0.227082 0.0123946 0.010284 4.96564e-006 0.00555556 0.0135592 0.167041 0.0222556 0.0748163 3.92707e-007 0.00010718 1.14531e-006 1.83877e-008 1.46003e-005 4.57957e-011 1.30484e-010 1.38093e-008 0.0679123 0.000605144 7.27337e-006 0.0080864 0.0272712 0.00054975 
1.24116e-014 0.0628071 5.41066e-008 4.44451e-005 1.94214e-019 2.50337e-008 0.000123469 0.298152 3.21701e-014 0.00457787 9.39265e-014 0.00277836 1.16794e-005 0.0083166 0.000285698 0.461176 6.77168e-006 0.095965 1.42054e-006 0.000832603 1.03448e-030 8.37898e-009 9.86746e-006 0.000986577 9.62554e-006 1.79283e-009 2.00573e-006 0.000225821 5.58766e-006 0.000228941 0.0381648 0.0252878 
0.00107528 0.233999 1.50885e-007 1.03448e-030 3.03455e-009 6.88319e-013 3.75049e-009 0.0655905 3.58929e-012 0.008965 0.0188573 2.40657e-014 1.08709e-005 0.00173087 1.81208e-005 0.00863987 2.88445e-007 0.153227 1.6736e-005 1.2683e-010 2.25581e-006 1.21849e-014 7.40783e-005 0.00223761 0.0209902 1.38123e-007 0.464807 0.000492406 6.01673e-006 7.96129e-009 0.0192588 2.76559e-010 
