0.756104 0.243896 0 0 0 
0 0.766378 0.233622 0 0 
0 0 0.583822 0.416178 0 
0 0 0 0.854611 0.145389 
0 0 0 0 1 



1.49994e-007 1.6184e-008 0.0290866 1.03448e-030 2.63786e-008 1.03448e-030 1.03448e-030 1.03448e-030 1.03448e-030 0.000163796 0.253645 1.03448e-030 1.03448e-030 0.0416666 4.11523e-006 1.03448e-030 0.0579349 1.03448e-030 1.03448e-030 1.03448e-030 1.44326e-006 1.03448e-030 6.76884e-009 1.03448e-030 2.73716e-006 8.86664e-017 0.617494 1.03448e-030 1.03448e-030 1.03448e-030 1.03448e-030 1.03448e-030 
0.63908 4.24533e-005 0.0333478 1.03448e-030 0.0185803 5.82774e-008 3.7037e-005 1.03448e-030 3.10606e-008 1.36959e-005 0.173809 4.10109e-016 1.03448e-030 5.14985e-005 0.00111416 7.17609e-015 0.0963845 0.000203985 1.03448e-030 1.03448e-030 0.000628794 9.69836e-007 0.00570402 1.03448e-030 0.00714826 0.0228773 0.000926884 6.04894e-019 1.03448e-030 4.9229e-005 1.03448e-030 2.91814e-016 
0.168144 0.000704402 0.0111112 1.03448e-030 0.00456626 0.221386 1.83638e-007 1.03448e-030 6.7532e-007 0.0871295 7.44122e-012 0.000170121 1.03448e-030 6.66699e-006 0.0167379 1.46992e-006 0.0639009 0.00333586 1.03448e-030 1.03448e-030 1.03448e-030 0.113488 1.81306e-011 0.00111283 0.00317077 0.301082 0.000269279 0.00129672 1.03448e-030 0.000641032 0.00172887 1.5394e-005 
2.16316e-028 8.9435e-011 5.77242e-009 1.03448e-030 4.71939e-012 0.573835 6.09712e-007 0.000277749 7.67457e-008 1.5873e-005 2.06356e-007 2.65911e-005 1.03448e-030 1.91056e-006 0.00138275 4.75305e-015 2.47873e-005 0.00177845 1.03448e-030 1.03448e-030 1.03448e-030 0.203609 7.78425e-005 0.0286551 1.35279e-025 0.0435658 1.90247e-007 1.03448e-030 1.03448e-030 0.139581 0.00116203 0.00600481 
2.87554e-009 0.0212178 1.0299e-007 1.03448e-030 1.03448e-030 1.67262e-005 2.65864e-015 1.03448e-030 8.72198e-005 0.0235514 0.0486793 5.84796e-007 1.03448e-030 0.0684498 0.000222779 1.03448e-030 0.307987 0.00626852 0.00210916 1.03448e-030 1.03448e-030 2.96094e-007 9.31818e-005 0.000806473 0.000177502 0.0230482 0.296306 1.03448e-030 1.03448e-030 0.193459 0.000798941 0.00672009 
