0.860991 0.139009 0 0 0 
0 0.705533 0.294467 0 0 
0 0 0.768811 0.231189 0 
0 0 0 0.867936 0.132064 
0 0 0 0 1 



1e-030 1.72879e-007 1e-030 1e-030 1e-030 1e-030 1e-030 1e-030 1e-030 1e-030 0.105812 1e-030 1e-030 1e-030 1e-030 1e-030 1e-030 1e-030 1e-030 1e-030 1e-030 1e-030 1e-030 1e-030 1e-030 1e-030 0.894188 1e-030 1e-030 1e-030 1e-030 1e-030 
1e-030 0.710863 0.0332672 1e-030 1e-030 1e-030 3.02025e-006 1e-030 0.0251591 1e-030 0.0126692 1e-030 1e-030 1e-030 1e-030 1e-030 1e-030 1e-030 1e-030 1e-030 1e-030 1e-030 1e-030 1e-030 1e-030 1e-030 0.218038 1e-030 1e-030 1e-030 1e-030 1e-030 
1e-030 0.1984 0.105828 1e-030 1e-030 1e-030 0.148747 1e-030 0.547009 1e-030 1.24567e-009 1e-030 1e-030 1e-030 1e-030 1e-030 1e-030 1e-030 1e-030 1e-030 1e-030 1e-030 1.46858e-005 1e-030 1e-030 1e-030 1.0612e-006 1e-030 1e-030 1e-030 1e-030 1e-030 
1e-030 1.93953e-006 0.00467566 1e-030 1e-030 0.0367381 0.493867 1e-030 0.062164 1e-030 0.0539226 1e-030 1e-030 0.00787085 0.0111048 1e-030 0.0186854 1e-030 1e-030 1e-030 1e-030 0.00706883 0.119422 1e-030 1e-030 3.44869e-012 0.0006946 1e-030 1e-030 0.171032 0.00277778 0.00997475 
0.00232919 0.0711126 1e-030 1e-030 1e-030 0.0226017 2.1535e-009 1e-030 1e-030 0.137711 0.0411885 1e-030 1e-030 2.68044e-011 3.99477e-022 1e-030 1.31189e-005 1e-030 1e-030 1e-030 1e-030 0.238846 0.00250831 1e-030 1e-030 0.192225 0.239835 1e-030 1e-030 0.0484513 1e-030 0.00317754 
