0.877682 0.122318 0 0 0 
0 0.273469 0.726531 0 0 
0 0 0.371245 0.628755 0 
0 0 0 0.896085 0.103915 
0 0 0 0 1 



3.13589e-006 1.45656e-005 0.00103544 1.03444e-030 1.03444e-030 1.03444e-030 1.03444e-030 1.03444e-030 1.03444e-030 0.00455898 0.00179054 1.03444e-030 1.03444e-030 1.03444e-030 0.0037037 1.03444e-030 0.000487778 1.03444e-030 1.03444e-030 1.03444e-030 1.03444e-030 1.03444e-030 6.09195e-006 1.03444e-030 1.03444e-030 7.97997e-014 0.9884 1.03444e-030 1.03444e-030 1.03444e-030 1.03444e-030 1.03444e-030 
0.0848499 0.038208 3.69636e-005 1.03444e-030 1.03444e-030 4.45574e-006 0.0333333 1.03444e-030 2.79546e-005 0.0123263 0.0713338 1.03444e-030 1.03444e-030 0.0463181 0.116667 6.45849e-012 0.338833 1.03444e-030 1.03444e-030 1.03444e-030 1.03444e-030 0.000872852 0.133619 1.03444e-030 1.03444e-030 0.0120431 0.06722 1.03444e-030 1.03444e-030 0.0443061 1.03444e-030 2.62632e-013 
0.0166667 0.000232376 0.000117587 1.03444e-030 1.03444e-030 0.198588 0.000165274 1.03444e-030 0.000607788 0.000251186 1.38409e-012 8.27995e-008 1.03444e-030 0.00600029 1.05109e-012 0.00132292 0.169665 1.03444e-030 1.03444e-030 1.03444e-030 1.03444e-030 0.0108247 1.63176e-008 1.03444e-030 1.03444e-030 0.00598007 0.0332384 1.03444e-030 1.03444e-030 0.542484 1.03444e-030 0.0138546 
1.03444e-030 8.04713e-008 5.19518e-006 1.03444e-030 1.03444e-030 0.876437 0.000548741 1.03444e-030 6.90711e-005 0.0142857 0.00018572 0.023932 1.03444e-030 0.0017195 0.000417991 4.27774e-012 0.0223086 1.03444e-030 1.03444e-030 1.03444e-030 1.03444e-030 0.0149153 0.000132691 1.03444e-030 1.03444e-030 0.0268387 0.000171223 1.03444e-030 1.03444e-030 0.0114287 3.08642e-006 0.00660102 
2.58798e-006 0.104891 9.26908e-005 1.03444e-030 1.03444e-030 0.0149566 2.39278e-012 1.03444e-030 1.03444e-030 0.287161 0.0208021 0.000526316 1.03444e-030 0.0204703 4.43864e-025 1.03444e-030 0.00238528 1.03444e-030 0.000123457 1.03444e-030 1.03444e-030 0.000266112 2.78701e-006 1.03444e-030 1.03444e-030 0.170314 0.377948 1.03444e-030 1.03444e-030 5.39077e-005 1.03444e-030 3.53059e-006 
