0.829148 0.170852 0 0 0 
0 0.625499 0.374501 0 0 
0 0 0.652767 0.347233 0 
0 0 0 0.894603 0.105397 
0 0 0 0 1 



1.0453e-007 4.8552e-007 3.45147e-005 1.03448e-030 7.91357e-007 1.03448e-030 1.03448e-030 1.03448e-030 1.03448e-030 0.00491387 0.0464181 1.03448e-030 1.03448e-030 1.03448e-030 0.000123457 1.03448e-030 0.00477816 1.03448e-030 1.03448e-030 1.03448e-030 4.32979e-005 1.03448e-030 2.03065e-007 1.03448e-030 8.21149e-005 2.65999e-015 0.943605 1.03448e-030 1.03448e-030 1.03448e-030 1.03448e-030 1.03448e-030 
0.00282833 0.0012736 1.23212e-006 1.03448e-030 0.522927 1.48525e-007 0.00111111 1.03448e-030 9.31819e-007 0.000410876 0.150431 1.23033e-014 1.03448e-030 0.00154394 0.0334248 2.15283e-013 0.0124484 0.00611956 1.03448e-030 1.03448e-030 0.0188638 2.90951e-005 0.00445398 1.03448e-030 0.214448 0.000401438 0.0278063 1.81468e-017 1.03448e-030 0.00147687 1.03448e-030 8.75441e-015 
0.000555556 0.0211321 3.91956e-006 1.03448e-030 0.136988 0.0066196 5.50913e-006 1.03448e-030 2.02596e-005 8.37285e-006 2.23237e-010 0.00510364 1.03448e-030 0.00020001 0.467656 4.40975e-005 0.01398 0.100076 1.03448e-030 1.03448e-030 1.03448e-030 0.000360824 5.43919e-010 0.033385 0.095123 0.000199336 0.00807837 0.0389017 1.03448e-030 0.019231 0.0518661 0.000461819 
1.03448e-030 2.68305e-009 1.73173e-007 1.03448e-030 1.41582e-010 0.0303627 1.82914e-005 0.00833248 2.30237e-006 0.000476191 6.19068e-006 0.000797733 1.03448e-030 5.73167e-005 0.0414824 1.42591e-013 0.00074362 0.0533534 1.03448e-030 1.03448e-030 1.03448e-030 0.000497176 0.00233527 0.825173 4.05834e-024 0.000894624 5.70742e-006 1.03448e-030 1.03448e-030 0.000380955 0.0348608 0.000220034 
8.62661e-008 0.340702 3.08969e-006 1.03448e-030 1.03448e-030 0.000498553 7.97592e-014 1.03448e-030 0.00261659 0.00957204 0.000693404 1.75439e-005 1.03448e-030 0.000682345 0.00668336 1.03448e-030 7.95093e-005 0.188056 4.11523e-006 1.03448e-030 1.03448e-030 8.87041e-006 0.00279545 0.0241942 0.00532507 0.00567714 0.388421 1.03448e-030 1.03448e-030 1.79692e-006 0.0239682 1.17686e-007 
