0.870397 0.129603 0 0 0 
0 0.610471 0.389529 0 0 
0 0 0.65519 0.34481 0 
0 0 0 0.825573 0.174427 
0 0 0 0 1 



1.85178e-013 1.99802e-014 0.00182544 3.18484e-009 0.00179407 1.03448e-030 1.03448e-030 1.03448e-030 0.000344416 0.000181119 0.000607675 1.03448e-030 3.96371e-007 3.41844e-006 0.000458255 1.03448e-030 7.25741e-006 1.16068e-018 6.38325e-005 2.80394e-013 0.022916 1.03448e-030 8.35659e-015 1.03448e-030 0.000574074 1.09465e-022 0.970298 1.03448e-030 0.000925926 1.03448e-030 1.14734e-015 1.03448e-030 
7.23355e-006 5.24115e-011 1.55218e-005 0.00921162 0.0126999 7.19474e-014 4.57247e-011 4.04913e-009 2.93508e-005 1.69085e-011 0.0411106 5.06307e-022 0.000309231 6.35784e-011 0.249274 8.85938e-021 5.42327e-006 0.0111111 0.000259444 0.00859437 0.00716383 1.19733e-012 7.042e-009 1.03448e-030 3.30166e-005 2.82435e-008 0.459372 6.34161e-024 0.000265831 3.77418e-007 0.200536 9.75438e-011 
9.31145e-006 8.69632e-010 1.62349e-006 0.0276291 0.00057455 2.73316e-007 2.26713e-013 0.27999 4.57234e-005 1.07567e-007 0.0396693 2.10026e-010 0.000148969 8.23085e-012 0.156776 1.81471e-012 4.36813e-006 3.02704e-005 1.17812e-005 0.0032154 3.43592e-005 5.5163e-007 0.000438008 1.37387e-009 3.91453e-009 4.14278e-007 0.0335557 0.0181543 0.000218201 3.66311e-008 0.439464 2.74603e-005 
3.72349e-013 0.091866 1.6232e-006 0.00133335 5.82641e-018 7.5101e-007 0.00370407 0.368545 9.65103e-013 1.99954e-011 2.8178e-012 3.28285e-011 0.000350383 1.11054e-006 0.00857095 5.86796e-021 2.93765e-007 0.356326 4.26163e-005 0.0249781 1.03448e-030 2.51369e-007 0.000296024 0.00533568 0.000288766 5.37849e-008 1.97628e-005 0.00677464 0.00016763 1.72322e-007 0.131393 4.53985e-006 
3.64146e-007 0.0589709 4.52655e-006 1.03448e-030 9.10364e-008 2.06496e-011 1.12515e-007 0.00766028 1.07679e-010 0.000863758 0.00702476 7.2197e-013 0.000326126 0.00184408 0.000543623 1.03448e-030 8.65335e-006 0.0562809 0.000502079 3.80489e-009 6.76743e-005 3.65548e-013 0.00222235 0.00273569 0.208919 4.14368e-006 0.632788 0.0147722 0.000180502 2.38839e-007 0.00428015 8.29676e-009 
