0.820151 0.179849 0 0 0 
0 0.720086 0.279914 0 0 
0 0 0.773544 0.226456 0 
0 0 0 0.859267 0.140733 
0 0 0 0 1 



1.03333e-030 0.000436952 0.0310632 1.03333e-030 1.03333e-030 1.03333e-030 1.03333e-030 1.03333e-030 1.03333e-030 0.0256583 0.0537157 1.03333e-030 1.03333e-030 1.03333e-030 1.03333e-030 1.03333e-030 0.0146333 1.03333e-030 1.03333e-030 1.03333e-030 1.03333e-030 1.03333e-030 1.03333e-030 1.03333e-030 1.03333e-030 2.39399e-012 0.874492 1.03333e-030 1.03333e-030 1.03333e-030 1.03333e-030 1.03333e-030 
1.03333e-030 0.21965 0.00110891 1.03333e-030 1.03333e-030 1.03333e-030 1.00675e-007 1.03333e-030 0.000838637 0.336455 0.013842 1.03333e-030 1.03333e-030 0.0161177 1.03333e-030 1.93755e-010 0.00894646 1.03333e-030 1.03333e-030 1.03333e-030 1.03333e-030 0.0261856 1.03333e-030 1.03333e-030 1.03333e-030 0.361294 0.0155609 1.03333e-030 1.03333e-030 1.03333e-030 1.03333e-030 7.87897e-012 
1.03333e-030 0.00661335 0.00352761 1.03333e-030 1.03333e-030 1.03333e-030 0.00495822 1.03333e-030 0.0182336 0.00753557 4.15223e-011 2.48399e-006 1.03333e-030 0.0120911 1.03333e-030 0.0396877 0.00128363 1.03333e-030 1.03333e-030 1.03333e-030 1.03333e-030 0.324742 4.89527e-007 1.03333e-030 1.03333e-030 0.179402 3.53733e-008 1.03333e-030 1.03333e-030 0.0196187 1.03333e-030 0.382304 
1.03333e-030 2.41414e-006 0.000155855 1.03333e-030 1.03333e-030 0.0012246 0.0164622 1.03333e-030 0.00207213 1.03333e-030 0.00557161 0.684626 1.03333e-030 0.051585 0.0125397 1.28332e-010 0.0082692 1.03333e-030 1.03333e-030 1.03333e-030 1.03333e-030 0.000510025 0.00398073 1.03333e-030 1.03333e-030 1.14957e-013 0.00481594 1.03333e-030 1.03333e-030 0.010061 9.25926e-005 0.198031 
7.76395e-005 0.148869 0.00278072 1.03333e-030 1.03333e-030 0.000753389 7.17833e-011 1.03333e-030 1.03333e-030 0.00912546 0.0314361 0.0157895 1.03333e-030 0.240066 1.33159e-023 1.03333e-030 0.0127349 1.03333e-030 0.0037037 1.03333e-030 1.03333e-030 0.00796155 8.36104e-005 1.03333e-030 1.03333e-030 0.00640751 0.51849 1.03333e-030 1.03333e-030 0.00161504 1.03333e-030 0.000105918 
