0.754239 0.245761 0 0 0 
0 0.488903 0.511097 0 0 
0 0 0.85406 0.14594 0 
0 0 0 0.713699 0.286301 
0 0 0 0 1 



5.55535e-012 5.99407e-013 0.0547633 9.55452e-008 0.053822 1.03448e-030 1.03448e-030 1.03448e-030 0.0103325 0.00543356 0.0182302 1.03448e-030 1.18911e-005 0.000102553 0.000277778 1.03448e-030 0.000217722 1.03448e-030 0.00191498 8.41183e-012 0.652998 1.03448e-030 2.50698e-013 1.03448e-030 0.0172222 3.28394e-021 0.156895 1.03448e-030 0.0277778 1.03448e-030 1.03448e-030 1.03448e-030 
0.000217007 1.57234e-009 0.000465655 0.241866 0.252397 2.15842e-012 1.37174e-009 1.03448e-030 0.000880525 5.07254e-010 0.00488588 1.51892e-020 0.00927693 1.90735e-009 4.12652e-008 2.65781e-019 0.000162698 7.55501e-009 0.00778332 0.257831 0.214915 3.59198e-011 2.1126e-007 1.03448e-030 0.000990498 8.47306e-007 0.000125277 1.90248e-022 0.00797492 1.13225e-005 0.000215767 2.92632e-009 
0.000279343 2.6089e-008 4.87048e-005 0.79439 0.0172365 8.19949e-006 6.8014e-012 1.85839e-005 0.0013717 3.22702e-006 0.00113698 6.30078e-009 0.00446908 2.46925e-010 0.00403773 5.44413e-011 0.000131044 0.000908105 0.000353436 0.096462 0.00103078 1.65489e-005 0.0131402 4.12161e-008 1.17436e-007 1.24283e-005 7.32152e-008 0.0465256 0.00654604 1.09893e-006 0.0110487 0.000823808 
1.11705e-011 3.17404e-005 4.86959e-005 0.0400006 1.74792e-016 2.25303e-005 1.08408e-005 0.000646471 2.89531e-011 5.99862e-010 8.45339e-011 9.84855e-010 0.0105115 3.33162e-005 0.00495224 1.76039e-019 8.81295e-006 0.00221579 0.00127849 0.71486 1.03448e-030 7.54108e-006 0.00888071 1.0613e-006 0.00866298 1.61355e-006 7.0462e-012 0.202181 0.00502889 5.16966e-006 0.000473711 0.000136195 
1.09244e-005 0.280708 0.000135796 1.03448e-030 2.73109e-006 6.19487e-010 3.37544e-006 1.3447e-005 3.23036e-009 0.0259127 0.00663889 2.16591e-011 0.00978378 7.33412e-005 0.0163087 1.03448e-030 0.0002596 0.178092 0.0150624 1.14147e-007 0.00203023 1.09664e-011 3.79499e-006 2.98694e-008 5.39047e-006 0.00012431 0.0507049 0.408682 0.00541506 7.16516e-006 2.06389e-005 2.48903e-007 
