0.858944 0.141056 0 0 0 
0 0.600917 0.399083 0 0 
0 0 0.714346 0.285654 0 
0 0 0 0.839487 0.160513 
0 0 0 0 1 



4.99981e-009 5.39467e-010 0.000969889 1.03448e-030 8.79285e-010 1.03448e-030 1.03448e-030 1.03448e-030 0.00416667 5.45986e-006 0.0646851 1.03448e-030 1.03448e-030 0.00138889 1.37174e-007 1.03448e-030 0.00193116 1.03448e-030 1.03448e-030 1.03448e-030 4.81088e-008 1.03448e-030 2.25628e-010 1.03448e-030 9.12387e-008 2.95555e-018 0.926853 1.03448e-030 1.03448e-030 1.03448e-030 1.03448e-030 1.03448e-030 
0.19528 1.41511e-006 0.220562 1.03448e-030 0.000619343 1.94258e-009 1.23457e-006 1.03448e-030 0.0333333 4.56529e-007 0.28694 1.36703e-017 1.03448e-030 1.71662e-006 3.71387e-005 2.39203e-016 0.139062 6.79951e-006 1.03448e-030 1.03448e-030 2.09598e-005 3.23279e-008 0.000190134 1.03448e-030 0.000238275 0.000762575 0.112749 2.01631e-020 1.03448e-030 0.0101903 1.03448e-030 2.63368e-006 
0.0527636 2.34801e-005 0.0438343 1.03448e-030 0.000152209 0.00737954 6.12126e-009 0.0167255 2.25107e-008 0.00290432 0.0232801 5.67071e-006 1.03448e-030 2.22233e-007 0.000557931 4.89972e-008 0.11794 0.000111195 1.03448e-030 1.03448e-030 1.03448e-030 0.014894 6.04354e-013 3.70945e-005 0.000105692 0.0111855 6.58937e-005 4.32241e-005 1.03448e-030 0.00098904 5.7629e-005 0.706944 
1.00534e-008 0.0285663 9.69435e-005 1.03448e-030 1.57313e-013 0.0202773 0.00975676 0.547341 2.55819e-009 5.29101e-007 7.60805e-008 8.8637e-007 1.03448e-030 0.0299846 4.60916e-005 1.58435e-016 0.00793166 0.108867 1.03448e-030 1.03448e-030 1.03448e-030 0.00678697 0.0281238 0.000955171 4.5103e-027 0.00145219 6.34158e-009 1.03448e-030 1.03448e-030 0.0046527 0.0825847 0.122576 
0.00983194 0.069512 0.0169536 1.03448e-030 0.00245798 5.57538e-007 0.00303789 0.0121023 2.90733e-006 0.000785046 0.0916375 1.94932e-008 1.03448e-030 0.00467232 7.42596e-006 1.03448e-030 0.0114182 0.0837026 7.03054e-005 1.03448e-030 1.03448e-030 9.8698e-009 0.00341549 2.68824e-005 0.00478185 0.000768274 0.659567 1.03448e-030 1.03448e-030 0.00644864 0.018575 0.000224012 
