0.796766 0.203234 0 0 0 
0 0.603714 0.396286 0 0 
0 0 0.726075 0.273925 0 
0 0 0 0.848058 0.151942 
0 0 0 0 1 



1.6666e-010 1.79822e-011 3.23296e-005 1.03448e-030 0.0407336 1.03448e-030 1.03448e-030 1.03448e-030 0.000138889 0.0201497 0.0469071 1.03448e-030 0.000356733 0.0030766 0.00833334 1.03448e-030 0.00653166 1.03448e-030 0.0574493 1.03448e-030 1.60363e-009 1.03448e-030 7.52093e-012 1.03448e-030 0.0166667 9.85182e-020 0.799624 1.03448e-030 2.64112e-007 1.03448e-030 1.03448e-030 1.03448e-030 
0.0065102 4.71703e-008 0.0139696 1.03448e-030 0.000485903 6.47526e-011 4.11523e-008 1.03448e-030 0.0264158 1.52176e-008 0.146576 4.55676e-019 0.243825 5.72206e-008 1.23796e-006 7.97344e-018 0.00488095 2.2665e-007 0.2335 1.03448e-030 0.0442694 1.0776e-009 6.3378e-006 1.03448e-030 0.0297149 2.54192e-005 0.0037583 6.72104e-022 0.239247 0.000339676 0.006473 8.77895e-008 
0.0083803 7.82669e-007 0.00146114 1.03448e-030 5.07362e-006 0.000245985 2.04042e-010 0.000557516 0.041151 9.68106e-005 0.0341093 1.89024e-007 0.134072 7.40776e-009 0.121132 1.63324e-009 0.00393132 0.0272431 0.0106031 1.03448e-030 0.0309233 0.000496467 0.359724 1.23648e-006 3.52308e-006 0.00037285 2.19646e-006 1.4408e-006 0.196381 3.2968e-005 0.00435642 0.0247142 
3.35114e-010 0.000952211 0.00146088 1.03448e-030 5.24377e-015 0.000675909 0.000325225 0.0193941 8.68592e-010 1.76367e-008 2.53602e-009 2.95457e-008 0.280862 0.000999487 0.148567 5.28116e-018 0.000264389 0.0640057 0.0383546 1.03448e-030 1.03448e-030 0.000226232 0.266421 3.1839e-005 0.00809126 4.84065e-005 2.11386e-010 1.03448e-030 0.150867 0.00015509 0.0142113 0.00408586 
0.000327731 0.00231707 0.00407389 1.03448e-030 8.19328e-005 1.85846e-008 0.000101263 0.000403409 9.69109e-008 0.0111373 0.136664 6.49773e-010 0.150656 0.00220024 2.47532e-007 1.03448e-030 0.00778801 0.00279009 0.251871 1.03448e-030 0.00208333 3.28993e-010 0.00011385 8.96081e-007 0.000161714 0.00372931 0.260205 1.03448e-030 0.162452 0.000214955 0.000619167 7.46708e-006 
