1.072081 0.577870 0.425385 0.340013 0.302063 0.275155 0.247062 0.232355 0.230853 0.226114 0.214328 0.132072 
1.072685 0.581445 0.421228 0.349821 0.287526 0.273479 0.258822 0.234277 0.229728 0.223630 0.213605 0.132219 
1.071829 0.578646 0.420876 0.340591 0.300945 0.265250 0.251403 0.239391 0.228790 0.227321 0.215174 0.131763 
1.081862 0.573664 0.409803 0.339468 0.307107 0.272984 0.250287 0.235036 0.227827 0.223367 0.218990 0.131780 
1.079540 0.582065 0.419826 0.338810 0.301171 0.276496 0.251111 0.233459 0.222543 0.221138 0.219927 0.132336 
1.074914 0.577384 0.425170 0.343114 0.296383 0.272672 0.252252 0.236118 0.239767 0.217667 0.207655 0.132186 
1.081630 0.566401 0.420049 0.359115 0.308291 0.255987 0.249508 0.239792 0.232103 0.205963 0.223901 0.132429 
1.103180 0.548834 0.405541 0.336823 0.303854 0.267037 0.257447 0.217970 0.203344 0.239636 0.235564 0.130141 
1.175394 0.542462 0.421237 0.317669 0.260167 0.282992 0.285607 0.225191 0.188152 0.217150 0.221557 0.131389 
1.294672 0.478560 0.395250 0.323287 0.123674 0.102231 0.268122 0.258454 0.104176 0.232343 0.464083 0.179820 
1.255358 0.651700 0.406542 0.228873 0.154766 0.108643 0.117869 0.198171 0.271082 0.336496 0.386366 0.190522 
1.208752 0.682230 0.421387 0.299859 0.205242 0.141280 0.145186 0.191283 0.226480 0.280096 0.323928 0.167903 
1.201359 0.647409 0.414612 0.310247 0.196433 0.142570 0.157108 0.188254 0.236527 0.279475 0.342580 0.165183 
1.094498 0.589271 0.424522 0.343532 0.294801 0.266834 0.234871 0.232378 0.228700 0.222038 0.221082 0.132917 
1.096481 0.581782 0.420442 0.323156 0.278928 0.262295 0.235767 0.233123 0.227728 0.232585 0.240295 0.131636 
1.077727 0.589831 0.421767 0.343346 0.307098 0.265193 0.249147 0.236565 0.231596 0.216984 0.214404 0.132907 
1.070632 0.587439 0.422895 0.354488 0.299441 0.268491 0.248494 0.248983 0.224336 0.214482 0.214095 0.133094 
1.083925 0.583240 0.406289 0.327956 0.291969 0.263960 0.246620 0.245825 0.239293 0.222731 0.220460 0.130711 
1.181231 0.581135 0.317734 0.187299 0.161979 0.174207 0.248287 0.322477 0.348940 0.331175 0.249820 0.104584 
1.131004 0.587282 0.382782 0.237441 0.203694 0.205649 0.237337 0.287187 0.313136 0.281305 0.234328 0.120720 
1.126625 0.583940 0.366076 0.268613 0.232865 0.237158 0.253049 0.271475 0.268467 0.262343 0.230570 0.122989 
1.087677 0.585290 0.421244 0.339142 0.295714 0.269517 0.250532 0.237298 0.231795 0.221193 0.213683 0.132820 
1.086715 0.592142 0.415026 0.327645 0.286695 0.255769 0.245545 0.232156 0.232336 0.231330 0.230506 0.131603 
1.084113 0.588463 0.422385 0.337268 0.297683 0.269905 0.258019 0.239037 0.228636 0.222584 0.207835 0.133070 
1.109611 0.603789 0.418711 0.341709 0.276223 0.260137 0.240581 0.231961 0.203908 0.227643 0.240080 0.134112 
1.173993 0.521221 0.384718 -0.306807 0.166125 0.400550 0.316611 0.199502 0.069422 0.073666 0.126233 0.110108 
1.587954 0.781792 0.560363 -0.122029 0.649889 0.116856 -0.022788 0.048597 -0.063664 0.012350 0.252358 0.073779 
1.666776 0.701891 0.440982 0.015412 0.872906 -0.056742 0.040544 0.097284 -0.062975 -0.051876 0.133766 0.128768 
1.541742 0.795828 0.516952 0.047879 0.884278 0.155901 0.141449 0.096477 -0.031001 -0.158279 0.206132 0.060092 
1.018568 0.626878 0.721241 -0.045240 0.757197 0.547724 0.101160 0.205277 0.014685 -0.063122 0.251484 0.047570 
0.908763 0.732915 0.755588 0.087412 0.947924 0.302967 0.141356 0.016014 0.263504 0.028776 0.132468 0.115824 
0.960798 0.672697 1.027298 0.251485 0.838418 0.221464 0.119186 -0.185537 0.253721 0.046481 0.091380 0.087951 
1.213773 0.827081 0.931056 -0.014640 0.791004 0.363424 0.205642 -0.158649 0.196735 0.012513 0.047637 0.274146 
1.257282 0.929236 1.044121 0.124895 0.791465 0.306077 0.134682 -0.201989 0.139497 0.118929 -0.071372 0.181643 
1.501701 0.807183 0.933303 0.293048 0.603371 0.414222 0.059693 -0.229033 0.199866 -0.068873 -0.020800 0.066662 
1.687117 0.987337 0.938744 0.461090 0.722511 0.263023 0.198106 -0.183670 0.174444 0.003985 -0.040942 0.026648 
1.823386 1.261029 0.894488 0.523657 0.661687 0.158995 0.265969 -0.066561 0.066723 0.044680 -0.032899 0.029247 
1.792073 1.041034 0.845721 0.534307 0.661631 0.311451 0.094132 -0.015606 0.155213 0.068839 0.046662 0.006037 
1.529754 0.958457 0.763982 0.572121 0.512270 0.353638 0.269725 0.188892 0.160549 0.144531 0.114836 0.086236 
1.452528 0.876920 0.687091 0.585841 0.504387 0.383481 0.283478 0.229391 0.210644 0.138736 0.077546 0.088319 
1.902233 1.228734 0.963323 0.766667 0.689939 0.276983 0.353608 0.175660 0.230993 0.153378 0.091364 0.095291 
1.478364 0.960160 0.756381 0.612214 0.534543 0.451522 0.363995 0.307531 0.254633 0.159917 0.147651 0.139820 
1.335897 0.832302 0.660863 0.561489 0.501216 0.434228 0.370436 0.312193 0.234487 0.163033 0.068287 0.139989 
1.256842 0.752836 0.582225 0.499313 0.436445 0.374281 0.322335 0.278992 0.212326 0.155821 0.087149 0.142203 
1.152847 0.644434 0.481793 0.392303 0.337138 0.304203 0.271807 0.246346 0.208622 0.178882 0.171104 0.143348 
1.089472 0.595707 0.435237 0.349167 0.300131 0.276663 0.248854 0.242287 0.225937 0.212483 0.211651 0.135537 
1.087171 0.586451 0.415763 0.350957 0.306500 0.265542 0.245824 0.246585 0.228900 0.216054 0.212924 0.133664 
1.091662 0.595442 0.424940 0.347571 0.308296 0.267087 0.247550 0.230048 0.220123 0.217692 0.218888 0.134104 
1.100914 0.595542 0.423075 0.336866 0.284177 0.268203 0.251138 0.241899 0.228908 0.222237 0.211893 0.133648 
